x
0.838916974238178
0.127794355091153
0.240636729670334
0.420697494559836
0.235561379743098
0.177803906052197
0.141798449379841
0.0811313339914335
0.594469700581063
0.179049841325731
0.240533274791524
0.235375079475285
0.0987887269637238
0.564557276104142
0.281022676642882
0.293377114942674
0.08181679374925
0.443133288109957
0.27700988691191
0.241049085406929
0.447373816489732
0.187745694561814
0.385080867688146
0.31685157520929
0.510927879871475
0.530716452249126
0.0353453463877348
0.459290775524298
0.602295364258779
0.49074986636485
0.432964092397427
0.205372353841204
0.696716712719654
0.0710323307404343
0.294959658713708
0.55377153319427
0.235143570434158
0.430236415296327
0.499706810521429
0.521461535344526
0.255975935789225
0.179438710833474
0.45403768132213
0.147716734474193
0.499959804705563
0.288775754314896
0.144442235650311
0.313353221599304
0.386885175854727
0.634639807188747
